 -4.530367524079300E-03   6.442103059805110E-02   9.485494357650437E-02   4.535328315787965E-03   6.439602455576351E-02  -9.486405489099968E-02   2.161704989734885E-05   2.827136509669734E-03   3.439593222860465E-06  -3.596126523406525E-02  -4.281415925166862E-01  -2.294684835523365E-01   1.077603118088501E-02   1.701622504814871E-01   4.695793886007522E-01   3.596315771265453E-02  -4.281624061452160E-01   2.294820952281793E-01  -1.081930356984119E-02   1.701317093008541E-01  -4.695601421077589E-01
 -7.754601472253121E-02  -1.415088698758288E-01   1.257899313187581E-01  -7.755809008210882E-02   1.415175940667092E-01   1.257759575913248E-01  -3.879435302012853E-01   1.334454987396705E-05   1.268400953814278E-01   3.168981080936764E-01  -1.946294205652332E-01  -2.856535523139602E-01   1.860281390956579E-01  -2.063423656583929E-01  -2.788506692116913E-01   3.169250789343313E-01   1.945877911826347E-01  -2.856399954144215E-01   1.859977646269278E-01   2.063358949566774E-01  -2.788870312664702E-01
  1.716172378835886E-01   9.912314534780639E-02  -2.244963189270497E-02  -1.716116461054107E-01   9.913575296354017E-02   2.243974568616348E-02  -7.138283518256968E-07   3.301874331097394E-01  -2.451075501253872E-05  -1.854742304074937E-01  -2.347172907632346E-01  -5.200276776701876E-02   4.289456285198338E-01  -3.252908729276114E-01  -1.540252842706386E-01   1.854137614147107E-01  -2.347256127517987E-01   5.203772383325451E-02  -4.289067222905004E-01  -3.252797921472694E-01   1.540542237455396E-01
 -1.229796352474282E-02   1.958188295324598E-01   4.185922360997922E-04  -1.233470484396232E-02  -1.958405718669186E-01   3.450537369085177E-04   1.782098270568383E-01   4.845669612900805E-05   3.668709905739497E-01   3.742005412674062E-01   7.565130838727306E-02  -1.352188018595263E-01  -4.142888311419972E-01   2.002124097511248E-01  -4.967070028546106E-02   3.743601852391379E-01  -7.558263695223660E-02  -1.353244422801643E-01  -4.143498078897808E-01  -2.002429205140503E-01  -4.969926797527545E-02
 -7.976205188729002E-02   8.970100583910333E-02  -2.588765702825684E-01   7.975804922463096E-02   8.964018476043513E-02   2.588786640690589E-01   1.178904600618358E-05  -1.730617313516732E-01   5.824657736402192E-05   4.512820871471005E-01  -2.115016419099379E-01  -3.024008719290481E-01  -2.576214335871140E-02  -5.915674904905748E-02  -2.442934451972723E-01  -4.511518637853593E-01  -2.115257694728466E-01   3.023516187943137E-01   2.563607680563482E-02  -5.921565677811250E-02   2.442761105033479E-01
 -6.442928721740159E-01  -7.451356664650730E-03   7.023127177881425E-02   6.442919326906525E-01  -7.447337482923977E-03  -7.023083940726954E-02   4.429740810993536E-06   8.393941277900098E-02  -2.088357789349553E-06   3.659199657289501E-02   2.352755075285791E-02   6.986434119256683E-02   2.573351041048739E-01  -3.582386393255981E-02   4.582224549005552E-02  -3.659881701031702E-02   2.353089092917528E-02  -6.986249214337234E-02  -2.573289706833691E-01  -3.582039720929582E-02  -4.582372866831579E-02
  9.472911763824135E-02   1.200037932545481E-01  -7.888164500540179E-02   9.473668771491794E-02  -1.200063608284503E-01  -7.888972720189065E-02  -8.365599449429769E-01  -1.393669707062992E-06   1.331390475411387E-02   7.047028867055577E-02   2.192896946055667E-01   7.449076701703061E-02  -2.959319187898661E-02   8.107859859143184E-02   2.331269884553542E-01   7.048044606883457E-02  -2.192816492899103E-01   7.448117088894093E-02  -2.959370604832992E-02  -8.107502150621204E-02   2.331186207450413E-01
  6.680025545215341E-02   4.312250107874532E-02   1.509707673930115E-01   6.679740358185089E-02  -4.312948781929841E-02   1.509718047643575E-01  -1.115048187108789E-01   1.985550761050862E-05  -8.341160939857305E-01   5.622165633011957E-02  -1.179919228830441E-01  -5.482258171018383E-02  -2.665772038772827E-01   9.410422781758490E-02  -1.295595737962966E-01   5.621061327186824E-02   1.180008111304347E-01  -5.482207943148926E-02  -2.665781754587748E-01  -9.410513771323507E-02  -1.295620482873610E-01
  1.011846821487475E-01  -1.431345624696401E-01  -4.114214921298181E-03  -1.011847008157475E-01  -1.431321282429052E-01   4.107044966923091E-03  -8.893775657913467E-07   7.216072272069571E-01   1.951384858227593E-05   3.492063286758154E-01   2.036768683034962E-01  -5.963170024410341E-02   4.582088813368740E-02   5.735591685726568E-03   1.994496734140114E-01  -3.492146248883650E-01   2.036736985338788E-01   5.963624886952859E-02  -4.581162817775741E-02   5.739230248258289E-03  -1.994451721392849E-01
  1.582304283903733E-01   4.091497164023458E-02   7.162033485800015E-02  -1.582248525354641E-01   4.091560991094522E-02  -7.161859670878855E-02  -2.231077959999326E-06  -5.529630174836208E-01   1.843112366955577E-07   2.030048405676905E-01   2.489038038884338E-01  -1.641446953653735E-02   3.559280520048890E-01  -1.354235103355790E-01   2.584727652800690E-01  -2.030145374194339E-01   2.489124133604294E-01   1.641610551673902E-02  -3.559383372316817E-01  -1.354273245479893E-01  -2.584815100308200E-01
  1.906946503833206E-01  -4.758953626305101E-02   8.766697976861679E-03   1.906986158018408E-01   4.759133291125507E-02   8.768879854821455E-03  -2.778930869771623E-01   4.144354154479839E-06   3.541471564517451E-01  -3.645343416448904E-01  -2.714949872091018E-01   6.408884824283495E-02  -2.562265181266977E-01   8.601508597854600E-02  -2.760964085778113E-01  -3.645249306815134E-01   2.714815664445165E-01   6.408933148909624E-02  -2.562201109376031E-01  -8.601296707640316E-02  -2.760873692202227E-01
  1.091113778660027E-01  -5.004082238643864E-02   5.493750929898105E-02   1.091389724101414E-01   5.005477336192289E-02   5.494827719091556E-02   3.160185531655608E-02   1.536788933595761E-06   1.172553237628067E-02  -1.989994976005633E-01   2.098742922026677E-01  -3.758907425104580E-01  -2.515886090523669E-01  -4.135655671041019E-01   1.511237025073402E-01  -1.989559873415136E-01  -2.098282483653994E-01  -3.758083461001758E-01  -2.515260787294624E-01   4.134624084173602E-01   1.510855625564935E-01
 -1.143038078270573E-01   3.134536280921493E-02  -7.008185566340916E-02   1.142789151447473E-01   3.133645707699284E-02   7.006616709979198E-02  -3.470942771895963E-06   1.637269889031598E-02  -9.457384726676228E-07  -2.224059504514007E-01   2.328791609446050E-01  -4.199598393953713E-01  -2.196390693229046E-01  -3.659038835278881E-01   1.364122460234467E-01   2.224560185335369E-01   2.329320395825974E-01   4.200557630188533E-01   2.196916399446751E-01  -3.659925886279330E-01  -1.364447236238355E-01
  3.951967095398738E-03  -1.454689846317988E-01  -1.304326083116555E-01   4.007355668154783E-03   1.459420565832623E-01  -1.308187698378566E-01  -2.069008235941230E-03   1.461327892415827E-06  -5.758277676296965E-04   2.208119955855308E-01  -2.016851582979820E-01   3.976523694324513E-01  -2.357412700122763E-01  -3.803500157921060E-01   1.237931001673219E-01   2.202024113106639E-01   2.011249872263443E-01   3.965459895851200E-01  -2.349125724702794E-01   3.790240959206815E-01   1.233606875788035E-01
  1.838543263065255E-02  -1.513188941680718E-01  -1.228430176734204E-01  -1.836821430341140E-02  -1.508597704734655E-01   1.224356233420064E-01  -2.725360134659121E-06  -1.323278442141325E-03  -3.927134249388546E-07  -1.926539354694589E-01   1.768861677427716E-01  -3.493169840866371E-01   2.651238103286217E-01   4.247714221851780E-01  -1.385827237007212E-01   1.933366693121501E-01   1.775085083256601E-01   3.505460767398224E-01  -2.658724133861515E-01   4.259801054202609E-01   1.389770060993979E-01
  6.572344138533117E-01   0.000000000000000E+00   0.000000000000000E+00   6.572344138533117E-01   0.000000000000000E+00   0.000000000000000E+00   1.649762713203251E-01   0.000000000000000E+00   0.000000000000000E+00   1.649762713203251E-01   0.000000000000000E+00   0.000000000000000E+00   1.649762713203251E-01   0.000000000000000E+00   0.000000000000000E+00   1.649762713203251E-01   0.000000000000000E+00   0.000000000000000E+00   1.649762713203251E-01   0.000000000000000E+00   0.000000000000000E+00
  0.000000000000000E+00   6.572344138533117E-01   0.000000000000000E+00   0.000000000000000E+00   6.572344138533117E-01   0.000000000000000E+00   0.000000000000000E+00   1.649762713203251E-01   0.000000000000000E+00   0.000000000000000E+00   1.649762713203251E-01   0.000000000000000E+00   0.000000000000000E+00   1.649762713203251E-01   0.000000000000000E+00   0.000000000000000E+00   1.649762713203251E-01   0.000000000000000E+00   0.000000000000000E+00   1.649762713203251E-01   0.000000000000000E+00
  0.000000000000000E+00   0.000000000000000E+00   6.572344138533117E-01   0.000000000000000E+00   0.000000000000000E+00   6.572344138533117E-01   0.000000000000000E+00   0.000000000000000E+00   1.649762713203251E-01   0.000000000000000E+00   0.000000000000000E+00   1.649762713203251E-01   0.000000000000000E+00   0.000000000000000E+00   1.649762713203251E-01   0.000000000000000E+00   0.000000000000000E+00   1.649762713203251E-01   0.000000000000000E+00   0.000000000000000E+00   1.649762713203251E-01
  0.000000000000000E+00  -8.722572889676238E-02  -5.520363891235743E-02   0.000000000000000E+00   8.722572889676238E-02  -5.520363891235743E-02   0.000000000000000E+00   1.308347730582028E-19   2.480212839375313E-02   0.000000000000000E+00  -4.366362730415930E-01  -2.475444617666308E-01   0.000000000000000E+00   1.732733120729242E-01   4.550643048176027E-01   0.000000000000000E+00   4.366362730415930E-01  -2.475444617666308E-01   0.000000000000000E+00  -1.732733120729242E-01   4.550643048176027E-01
  1.946840498112773E-02   0.000000000000000E+00   6.272565947160994E-01  -1.946840498112773E-02   0.000000000000000E+00  -6.272565947160994E-01  -2.920175480018919E-20   0.000000000000000E+00  -9.408574196734297E-19   9.745532540158021E-02   0.000000000000000E+00  -2.136307155465920E-01  -3.867385293907506E-02   0.000000000000000E+00  -2.225732589899869E-01  -9.745532540158021E-02   0.000000000000000E+00   2.136307155465920E-01   3.867385293907506E-02   0.000000000000000E+00   2.225732589899869E-01
  1.229463994988012E-02  -6.259037878857060E-01   0.000000000000000E+00   1.229463994988012E-02   6.259037878857060E-01   0.000000000000000E+00  -5.523788732043775E-03   9.388282686776771E-19   0.000000000000000E+00   5.513169220310773E-02   2.131699773198316E-01   0.000000000000000E+00  -1.013493293559404E-01   2.220932343436763E-01   0.000000000000000E+00   5.513169220310773E-02  -2.131699773198316E-01   0.000000000000000E+00  -1.013493293559404E-01  -2.220932343436763E-01   0.000000000000000E+00
